date,confirmed,dead,active,recovered,confirmed_daily,confirmed_daily_change,dead_daily,dead_daily_change,mortality_rate,mortality_rate_change
2020-01-22,555,17,510,28,,,,,0.03063063063063063,
2020-01-23,654,18,606,30,99.0,0.1783783783783784,1.0,0.058823529411764705,0.027522935779816515,-0.0031076948508141147
2020-01-24,941,26,879,36,287.0,0.43883792048929665,8.0,0.4444444444444444,0.02763018065887354,0.00010724487905702448
2020-01-25,1434,42,1353,39,493.0,0.5239107332624867,16.0,0.6153846153846154,0.029288702928870293,0.0016585222699967532
2020-01-26,2118,56,2010,52,684.0,0.4769874476987448,14.0,0.3333333333333333,0.02644003777148253,-0.0028486651573877628
2020-01-27,2927,82,2784,61,809.0,0.38196411709159583,26.0,0.4642857142857143,0.02801503245644004,0.0015749946849575105
2020-01-28,5578,131,5340,107,2651.0,0.9057055005124701,49.0,0.5975609756097561,0.023485120114736465,-0.004529912341703576
2020-01-29,6166,133,5907,126,588.0,0.10541412692721405,2.0,0.015267175572519083,0.021569899448589037,-0.0019152206661474276
2020-01-30,8234,171,7920,143,2068.0,0.3353876094712942,38.0,0.2857142857142857,0.020767549186300704,-0.0008023502622883337
2020-01-31,9927,213,9492,222,1693.0,0.20561088170998298,42.0,0.24561403508771928,0.021456633423995165,0.0006890842376944609
2020-02-01,12038,259,11495,284,2111.0,0.212652362244384,46.0,0.215962441314554,0.021515201860774213,5.8568436779048855e-05
2020-02-02,16787,362,15953,472,4749.0,0.3945007476324971,103.0,0.39768339768339767,0.021564305712753917,4.9103851979703794e-05
2020-02-03,19881,426,18832,623,3094.0,0.18430928694823376,64.0,0.17679558011049723,0.02142749358684171,-0.0001368121259122078
2020-02-04,23892,492,22548,852,4011.0,0.20175041496906596,66.0,0.15492957746478872,0.02059266700150678,-0.0008348265853349301
2020-02-05,27635,564,25947,1124,3743.0,0.1566633182655282,72.0,0.14634146341463414,0.020408901755020806,-0.00018376524648597292
2020-02-06,30794,634,28673,1487,3159.0,0.11431156142572824,70.0,0.12411347517730496,0.020588426316814963,0.00017952456179415668
2020-02-07,34330,719,31600,2011,3536.0,0.11482756381113204,85.0,0.13406940063091483,0.020943780949606756,0.00035535463279179336
2020-02-08,37059,806,33637,2616,2729.0,0.07949315467521119,87.0,0.12100139082058414,0.021749102782050243,0.0008053218324434869
2020-02-09,40086,906,35936,3244,3027.0,0.08168056342588845,100.0,0.12406947890818859,0.022601406975003742,0.0008523041929534986
2020-02-10,42627,1013,37668,3946,2541.0,0.06338871426433168,107.0,0.11810154525386314,0.02376428085485725,0.0011628738798535078
2020-02-11,44667,1113,38871,4683,2040.0,0.04785699204729397,100.0,0.09871668311944719,0.024917724494593323,0.0011534436397360737
2020-02-12,45046,1118,38778,5150,379.0,0.008485011305885777,5.0,0.004492362982929021,0.024819073835634684,-9.865065895863986e-05
2020-02-13,60193,1371,52527,6295,15147.0,0.336256271367047,253.0,0.2262969588550984,0.022776734836276645,-0.0020423389993580385
2020-02-14,66667,1523,57086,8058,6474.0,0.10755403452228665,152.0,0.11086797957695113,0.022844885775571123,6.815093929447846e-05
2020-02-15,68745,1666,57684,9395,2078.0,0.031169844150779245,143.0,0.09389363099146422,0.024234489781074987,0.0013896040055038639
2020-02-16,70869,1770,58234,10865,2124.0,0.030896792493999563,104.0,0.062424969987995196,0.02497565931507429,0.000741169533999303
2020-02-17,72804,1868,58353,12583,1935.0,0.027303898742750708,98.0,0.05536723163841808,0.025657930882918522,0.0006822715678442316
2020-02-18,74594,2007,58235,14352,1790.0,0.024586561177957256,139.0,0.07441113490364026,0.02690564924792879,0.001247718365010267
2020-02-19,75018,2122,56776,16120,424.0,0.0056841032790841085,115.0,0.057299451918286,0.0282865445626383,0.001380895314709512
2020-02-20,75563,2245,55142,18176,545.0,0.007264923085126236,123.0,0.05796418473138549,0.029710307954951498,0.0014237633923131973
2020-02-21,76185,2249,55047,18889,622.0,0.008231541892195916,4.0,0.0017817371937639199,0.02952024676773643,-0.00019006118721506815
2020-02-22,77938,2456,52597,22885,1753.0,0.023009778827853253,207.0,0.0920409070698088,0.03151222766814647,0.0019919809004100425
2020-02-23,78267,2466,52407,23394,329.0,0.004221304113526136,10.0,0.004071661237785016,0.031507531910000386,-4.695758146086582e-06
2020-02-24,78870,2626,51017,25227,603.0,0.007704396488941699,160.0,0.064882400648824,0.033295296056802336,0.0017877641468019498
2020-02-25,79715,2705,49105,27905,845.0,0.010713832889565107,79.0,0.030083777608530083,0.03393338769365866,0.000638091636856325
2020-02-26,80683,2766,47543,30374,968.0,0.012143260365050493,61.0,0.02255083179297597,0.034282314737924965,0.0003489270442663048
2020-02-27,82041,2810,45964,33267,1358.0,0.01683130275274841,44.0,0.015907447577729574,0.03425116709937714,-3.114763854782793e-05
2020-02-28,83407,2866,43840,36701,1366.0,0.016650211479626042,56.0,0.0199288256227758,0.0343616243240975,0.00011045722472036168
2020-02-29,85306,2935,42599,39772,1899.0,0.022767873200091118,69.0,0.02407536636427076,0.03440555177830399,4.3927454206491023e-05
2020-03-01,87664,2990,41968,42706,2358.0,0.027641666471291584,55.0,0.018739352640545145,0.03410750136886293,-0.00029805040944105854
2020-03-02,89601,3079,40930,45592,1937.0,0.02209572914765468,89.0,0.02976588628762542,0.034363455765002625,0.0002559543961396932
2020-03-03,92134,3154,40762,48218,2533.0,0.02826977377484626,75.0,0.024358557973367976,0.0342327479540669,-0.0001307078109357221
2020-03-04,94414,3248,40006,51160,2280.0,0.02474656478607246,94.0,0.029803424223208624,0.03440167771728769,0.00016892976322079034
2020-03-05,97180,3342,40052,53786,2766.0,0.029296502637320736,94.0,0.02894088669950739,0.03438979213830006,-1.1885578987631817e-05
2020-03-06,101095,3454,41816,55825,3915.0,0.04028606709199424,112.0,0.033512866546977854,0.03416588357485533,-0.0002239085634447302
2020-03-07,105141,3552,43271,58318,4046.0,0.04002176170928335,98.0,0.028372900984365953,0.03378320540987816,-0.0003826781649771682
2020-03-08,109115,3796,44665,60654,3974.0,0.03779686325981301,244.0,0.0686936936936937,0.03478898409934473,0.001005778689466566
2020-03-09,112884,3982,46448,62454,3769.0,0.03454153874352747,186.0,0.04899894625922023,0.035275149711207966,0.00048616561186323737
2020-03-10,117914,4256,49294,64364,5030.0,0.044559016335353106,274.0,0.06880964339527876,0.03609410248146955,0.0008189527702615815
2020-03-11,125169,4608,53883,66678,7255.0,0.061527893210305815,352.0,0.08270676691729323,0.03681422716487309,0.0007201246834035446
2020-03-12,127646,4714,54933,67999,2477.0,0.019789244940839983,106.0,0.023003472222222224,0.03693026025100669,0.00011603308613359481
2020-03-13,144513,5399,69188,69926,16867.0,0.13213888410134278,685.0,0.1453118370810352,0.03735996069557756,0.0004297004445708713
2020-03-14,155410,5816,77295,72299,10897.0,0.07540498086677323,417.0,0.07723652528245971,0.03742358921562319,6.362852004563463e-05
2020-03-15,166760,6443,84608,75709,11350.0,0.07303262338330867,627.0,0.1078060522696011,0.038636363636363635,0.0012127744207404423
2020-03-16,180897,7133,96001,77763,14137.0,0.08477452626529143,690.0,0.10709296911376688,0.03943127857288954,0.0007949149365259062
2020-03-17,196407,7923,107969,80515,15510.0,0.08573939866332775,790.0,0.11075283891770643,0.040339702760084924,0.0009084241871953821
2020-03-18,214134,8772,122375,82987,17727.0,0.09025645725457851,849.0,0.10715638015903067,0.040965003222281374,0.00062530046219645
2020-03-19,241904,9918,147336,84650,27770.0,0.12968515041983059,1146.0,0.13064295485636115,0.04099973543223758,3.4732209956207793e-05
2020-03-20,271535,11398,173042,87095,29631.0,0.12249074012831536,1480.0,0.14922363379713652,0.04197617250078259,0.0009764370685450066
2020-03-21,303843,13100,199376,91367,32308.0,0.1189828198943046,1702.0,0.1493244428847166,0.043114371566894745,0.0011381990661121569
2020-03-22,336306,14813,223919,97574,32463.0,0.10684136215084764,1713.0,0.13076335877862597,0.04404619602385922,0.0009318244569644779
2020-03-23,377570,16727,262817,98026,41264.0,0.12269778118737103,1914.0,0.12921082832647,0.04430171888656408,0.00025552286270486
2020-03-24,417367,18918,290774,107675,39797.0,0.10540297163439892,2191.0,0.13098583129072758,0.04532701435427334,0.0010252954677092557
2020-03-25,467011,21546,332265,113200,49644.0,0.11894567610759835,2628.0,0.13891531874405327,0.04613595825365998,0.000808943899386641
2020-03-26,528989,24479,382957,121553,61978.0,0.13271207744571328,2933.0,0.13612735542560103,0.04627506432080818,0.00013910606714820362
2020-03-27,592711,27876,434517,130318,63722.0,0.12045997175744676,3397.0,0.1387720086604845,0.047031352547869026,0.0007562882270608431
2020-03-28,660110,31351,489941,138818,67399.0,0.11371309120296401,3475.0,0.12465920505093987,0.04749359955158989,0.00046224700372086286
2020-03-29,719571,34872,536220,148479,59461.0,0.09007741134053415,3521.0,0.11230901725622787,0.04846220873270324,0.0009686091811133488
2020-03-30,781776,38794,579019,163963,62205.0,0.08644734154100152,3922.0,0.11246845606790548,0.04962290988723112,0.0011607011545278836
2020-03-31,856894,43592,635871,177431,75118.0,0.0960863469843024,4798.0,0.12367891942052894,0.05087210320062925,0.0012491933133981295
2020-04-01,931917,48919,690424,192574,75023.0,0.08755225267069205,5327.0,0.12220132134336575,0.05249287221930708,0.0016207690186778312
2020-04-02,1012737,54978,748115,209644,80820.0,0.08672446151320343,6059.0,0.12385780576054294,0.05428655218482192,0.001793679965514841
2020-04-03,1095155,60943,809035,225177,82418.0,0.08138144454088278,5965.0,0.10849794463239841,0.05564783067237058,0.0013612784875486547
2020-04-04,1175338,67060,862745,245533,80183.0,0.07321612009258964,6117.0,0.10037247920187717,0.057055927741636876,0.001408097069266298
2020-04-05,1249016,72132,917491,259393,73678.0,0.06268664843644978,5072.0,0.07563376081121384,0.057751061635719636,0.0006951338940827598
2020-04-06,1320706,77694,967116,275896,71690.0,0.0573971830625068,5562.0,0.07710863417068707,0.05882762704190032,0.001076565406180681
2020-04-07,1395717,85337,1010945,299435,75011.0,0.05679613782325514,7643.0,0.09837310474425309,0.06114205100317614,0.0023144239612758258
2020-04-08,1479479,91933,1059504,328042,83762.0,0.06001359874530438,6596.0,0.07729355379261048,0.06213876641709683,0.0009967154139206846
2020-04-09,1564817,99239,1112222,353356,85338.0,0.05768111612263506,7306.0,0.07947091903886526,0.06341891735583138,0.001280150938734556
2020-04-10,1657208,106298,1175433,375477,92391.0,0.05904268678062674,7059.0,0.0711313092634952,0.06414282335108207,0.0007239059952506843
2020-04-11,1735304,112409,1221404,401491,78096.0,0.047125044049992515,6111.0,0.05748932247078967,0.06477769889310461,0.0006348755420225449
2020-04-12,1834443,118167,1295173,421103,99139.0,0.05713062379848142,5758.0,0.051223656468788084,0.06441573818319785,-0.00036196070990676676
2020-04-13,1904471,123848,1332587,448036,70028.0,0.03817398523693568,5681.0,0.048076027994279284,0.06503013172686799,0.0006143935436701414
2020-04-14,1974860,130476,1370762,473622,70389.0,0.03695986969609934,6628.0,0.053517214650216395,0.06606848080370255,0.0010383490768345605
2020-04-15,2054785,138616,1405789,510380,79925.0,0.04047122327658669,8140.0,0.062386952389711516,0.06746009923179311,0.0013916184280905602
2020-04-16,2151151,145736,1463952,541463,96366.0,0.04689833729562947,7120.0,0.051364921798349394,0.06774791727777361,0.0002878180459805063
2020-04-17,2239002,154506,1516797,567699,87851.0,0.04083906708548121,8770.0,0.06017730691112697,0.06900663777879609,0.0012587205010224783
2020-04-18,2316618,160689,1564254,591675,77616.0,0.034665444693662624,6183.0,0.04001786338394626,0.06936361540832368,0.00035697762952759116
2020-04-19,2400122,165350,1611513,623259,83504.0,0.036045649304287546,4661.0,0.029006341442164678,0.06889233130649192,-0.0004712841018317676
2020-04-20,2471038,170563,1655214,645261,70916.0,0.029546831369405387,5213.0,0.031527063804052013,0.06902483895431798,0.00013250764782606061
2020-04-21,2548100,177356,1690998,679746,77062.0,0.031186084552321736,6793.0,0.03982692612113999,0.06960323378203367,0.0005783948277156975
2020-04-22,2623386,183955,1729573,709858,75286.0,0.029545936187747732,6599.0,0.03720765014998083,0.0701212097647849,0.0005179759827512315
2020-04-23,2707021,190613,1777644,738764,83635.0,0.031880554367523496,6658.0,0.03619363431273953,0.07041430413727857,0.00029309437249366854
2020-04-24,2810882,196703,1824743,789436,103861.0,0.03836726793031897,6090.0,0.03194955223410785,0.06997910264465032,-0.0004352014926282538
2020-04-25,2896903,202853,1876857,817193,86021.0,0.03060284992397404,6150.0,0.0312654102886077,0.0700240912450296,4.498860037928376e-05
2020-04-26,2971642,206553,1900001,865088,74739.0,0.02579962118165503,3700.0,0.01823980912286237,0.06950803629777746,-0.0005160549472521397
2020-04-27,3041043,211152,1936569,893322,69401.0,0.023354428292506297,4599.0,0.022265471815950386,0.06943407245474661,-7.39638430308498e-05
2020-04-28,3115677,217138,1970526,928013,74634.0,0.02454223764675475,5986.0,0.02834924604076684,0.06969207655350666,0.00025800409876004793
2020-04-29,3193165,227623,1993468,972074,77488.0,0.024870357228942538,10485.0,0.04828726432038612,0.07128444662270819,0.0015923700692015291
